5,30
104,8
104,7
104,6
104,5
104,4
0,63
104,3
104,2
104,1
104,0
0,62
103,6
103,5
103,4
103,3
103,2
103,1
103,0
5,29
102,9
102,8
5,28
102,7
102,6
102,5
102,4
102,3
102,2
102,1
102,0
101,6
101,5
101,4
101,3
101,2
101,1
101,0
100,4
100,3
100,2
100,1
100,0
90,6
5,27
99,4
99,3
99,2
99,1
99,0
98,5
98,4
98,3
98,2
98,1
98,0
97,4
97,3
97,2
97,1
97,0
96,3
96,2
96,1
96,0
5,26
95,4
95,3
95,2
95,1
95,0
94,5
94,4
94,3
94,2
94,1
94,0
93,6
93,5
93,4
93,3
93,2
93,1
93,0
5,25
5,24
92,5
92,4
92,3
92,2
92,1
92,0
91,5
91,4
91,3
91,2
91,1
91,0
90,5
90,4
90,3
90,2
90,1
90,0
89,4
89,3
89,2
89,1
89,0
0,61
0,60
88,11
88,10
88,9
88,8
88,7
88,6
88,5
88,4
88,3
88,2
88,1
88,0
5,23
87,4
87,3
87,2
87,1
87,0
86,4
86,3
86,2
86,1
86,0
85,8
85,7
85,6
85,5
85,4
85,3
85,2
85,1
85,0
84,5
84,4
84,3
84,2
84,1
84,0
83,7
83,6
83,5
83,4
83,3
83,2
83,1
83,0
0,59
82,6
82,5
82,4
82,3
82,2
82,1
82,0
5,22
81,5
81,4
81,3
81,2
81,1
81,0
80,5
80,4
0,58
80,3
80,2
80,1
80,0
5,21
79,5
79,4
79,3
79,2
79,1
79,0
5,20
78,6
78,5
78,4
78,3
78,2
78,1
78,0
5,19
5,18
77,7
77,6
77,5
77,4
77,3
77,2
77,1
77,0
76,5
76,4
76,3
76,2
76,1
76,0
75,6
75,5
75,4
75,3
75,2
75,1
75,0
5,17
37,11
37,10
0,57
74,6
74,5
74,4
74,3
74,2
74,1
74,0
5,16
73,6
73,5
73,4
73,3
73,2
73,1
73,0
72,4
72,3
72,2
72,1
72,0
71,3
71,2
71,1
71,0
5,15
70,3
70,2
70,1
70,0
69,3
69,2
69,1
69,0
68,3
68,2
68,1
68,0
67,3
67,2
67,1
67,0
66,3
66,2
66,1
66,0
65,3
65,2
65,1
65,0
59,9
59,8
59,7
59,6
59,5
59,4
64,3
64,2
64,1
64,0
63,3
63,2
63,1
63,0
62,3
62,2
62,1
62,0
61,3
61,2
61,1
61,0
60,3
60,2
60,1
60,0
59,3
59,2
59,1
59,0
5,14
58,5
58,4
58,3
58,2
58,1
58,0
57,6
57,5
57,4
57,3
57,2
57,1
57,0
56,5
56,4
56,3
56,2
56,1
56,0
55,7
55,6
55,5
55,4
55,3
55,2
55,1
55,0
54,7
54,6
54,5
54,4
54,3
54,2
54,1
54,0
0,56
53,5
53,4
53,3
53,2
53,1
53,0
52,3
52,2
52,1
52,0
9,14
9,13
9,12
9,10
9,8
9,7
51,4
51,3
51,2
51,1
51,0
50,6
50,5
50,4
50,3
50,2
50,1
50,0
0,55
49,3
49,2
49,1
49,0
5,13
10,11
10,10
48,10
48,9
48,8
48,7
48,6
48,5
48,4
48,3
48,2
48,1
48,0
26,8
36,10
9,5
23,16
47,5
0,54
47,4
47,3
47,2
47,1
47,0
46,5
46,4
46,3
46,2
46,1
46,0
45,4
45,3
45,2
45,1
45,0
44,5
44,4
44,3
44,2
44,1
44,0
43,6
43,5
43,4
43,3
43,2
43,1
43,0
5,12
42,9
42,8
42,7
42,6
42,5
42,4
42,3
42,2
42,1
42,0
33,10
41,6
41,5
41,4
41,3
41,2
41,1
41,0
40,3
40,2
40,1
40,0
39,3
39,2
39,1
39,0
38,9
38,8
38,7
38,6
38,5
38,4
38,3
38,2
38,1
38,0
5,11
36,9
5,10
37,9
37,8
37,7
37,6
37,5
37,4
37,3
37,2
37,1
37,0
17,13
17,12
17,11
17,10
17,9
17,8
0,53
36,8
36,7
36,6
36,5
36,4
36,3
36,2
36,1
36,0
0,52
35,8
35,7
35,6
35,5
35,4
35,3
35,2
35,1
35,0
34,7
34,6
34,5
34,4
34,3
34,2
34,1
34,0
33,9
33,8
33,7
33,6
33,5
33,4
33,3
33,2
33,1
33,0
24,9
5,9
32,7
32,6
32,5
32,4
32,3
32,2
32,1
32,0
31,7
31,6
31,5
31,4
31,3
31,2
31,1
31,0
30,7
30,6
30,5
30,4
30,3
30,2
30,1
30,0
29,6
29,5
29,4
29,3
29,2
29,1
29,0
23,6
23,5
28,6
28,5
28,4
28,3
28,2
28,1
28,0
5,8
27,6
27,5
27,4
27,3
27,2
27,1
27,0
5,7
26,7
26,6
26,5
26,4
26,3
26,2
26,1
26,0
25,5
25,4
25,3
25,2
25,1
25,0
0,51
0,50
24,8
24,7
24,6
24,5
24,4
24,3
24,2
24,1
24,0
23,4
23,3
23,2
23,1
23,0
22,5
22,4
22,3
22,2
22,1
22,0
5,6
21,5
21,4
21,3
21,2
21,1
21,0
20,5
20,4
20,3
20,2
20,1
20,0
19,5
19,4
19,3
19,2
19,1
19,0
18,7
10,9
18,6
18,5
18,4
18,3
18,2
18,1
18,0
10,7
5,5
17,7
17,6
17,5
17,4
17,3
17,2
17,1
17,0
16,6
16,5
16,4
16,3
16,2
16,1
16,0
15,7
15,6
15,5
15,4
15,3
15,2
15,1
15,0
14,7
14,6
14,5
14,4
14,3
14,2
14,1
14,0
13,3
13,2
13,1
13,0
12,6
12,5
12,4
12,3
12,2
12,1
12,0
11,5
11,4
11,3
11,2
11,1
11,0
10,5
10,4
10,3
10,2
10,1
10,0
9,4
9,3
9,2
9,1
9,0
8,3
8,2
8,1
8,0
7,3
7,2
7,1
7,0
6,6
6,5
6,4
6,3
6,2
6,1
6,0
5,3
5,2
5,1
5,0
4,3
4,2
4,1
4,0
3,2
3,1
2,2
2,1
1,2
1,1
0,9
0,2
0,1
1,45
3,44
2,44
1,44
3,43
2,43
1,43
3,42
2,42
1,42
3,41
2,41
1,41
3,40
2,40
1,40
3,39
2,39
1,39
3,38
2,38
1,38
3,37
2,37
1,37
3,36
2,36
1,36
3,35
2,35
1,35
3,34
2,34
1,34
3,33
2,33
1,33
3,32
2,32
1,32
3,31
2,31
1,31
3,30
2,30
1,30
3,29
2,29
1,29
3,28
2,28
1,28
3,27
2,27
1,27
3,26
2,26
1,26
3,25
2,25
1,25
3,24
2,24
1,24
3,23
2,23
1,23
3,22
2,22
1,22
3,21
2,21
1,21
3,20
2,20
1,20
3,19
2,19
1,19
3,18
2,18
1,18
3,17
2,17
1,17
3,16
2,16
1,16
3,15
2,15
1,15
3,14
2,14
1,14
3,13
2,13
1,13
3,12
2,12
1,12
3,11
2,11
1,11
3,10
2,10
1,10
3,9
2,9
1,9
3,8
2,8
1,8
3,7
2,7
1,7
3,6
2,6
1,6
3,5
2,5
1,5
3,4
2,4
1,4
3,3
3,0
2,3
2,0
1,3
1,0
0,6
0,0
0,47
0,46
0,49
0,48
0,45
0,12
0,10
0,8
0,11
0,5
0,7
0,4
0,3
